"X1","X2","X3","X4"
-0.872078146807113,0.744337604297663,2.07537569565191,1.39677956326647
-0.0588292920316656,-0.286179786054536,1.48718718874807,0.764846708700632
-1.03070421236232,1.8650965689966,0.433532570970446,-0.558531307954494
-0.498084297763298,-0.0190531446355588,0.827757117774832,1.51177286816275
0.392600830918886,-0.241834533970736,1.86193401290679,0.16213815676848
-1.6216611042383,-1.27485560702144,-0.220311005914342,-1.05004887880592
0.0452789020547945,-0.329579161175752,1.52440204508583,-0.434729548190113
-1.33064329518994,-1.86558420283991,-1.49082112489969,0.315024023159293
1.35921061426169,1.02999104831739,0.0599937616067097,-1.26109621279911
0.587032121401476,0.0542781399508277,-1.28367468536944,1.07423606934342
0.00594121870426793,-0.0836732069518089,0.821747376042335,-0.752938984299923
-0.76230782370382,0.436053403243203,0.734316634155178,0.45130050611335
1.01804937193603,2.43801562435082,-0.189599927746631,0.767524930210721
0.846962105936292,1.00082363517158,0.974838036835549,0.104523800657089
1.34075253311678,1.4717033206089,0.411196190461573,0.422957453637247
-0.658944940677955,0.617492121907109,-1.08375060383625,1.33738847806134
0.79824576758826,0.981628602085169,0.0766993807501914,1.47199055339406
-0.856987649859851,-0.211592936012686,0.347590038534081,1.44295523958648
-0.0566872789225138,0.024737791289688,-1.25737199247751,0.604908693354031
-1.80314154483701,0.0436495078158289,-1.23336727668783,-0.899857874720615
0.116246935605185,0.335648332623754,0.545132269175713,0.159655147094331
1.15962509892139,0.302874814898848,-1.10343430493834,0.61456703979659
3.00802565280063,0.658682431691244,-0.64111235843368,-0.311546915077596
1.77653421906245,-0.670661977243196,-1.43639493245123,-0.0252545870679362
0.860991846711461,0.677640573687415,-0.874655214756319,1.46834157490481
0.421420322468544,0.510960017152202,-0.436300578788539,-0.236832802322882
-0.626419222721143,-0.034823806846891,0.497189099098503,0.946074873473546
-0.288729369713284,0.834886599303198,0.822148772205616,0.351646742302699
-1.23852545880845,0.223374169516942,-2.06559557866803,1.10205135849016
0.78522948104713,-0.167922573470754,0.468418817341882,1.04586081355872
-0.35595645244243,0.0465242655057499,-0.168630336574557,-1.58556073258335
-0.247807773801813,0.731304541696056,-0.597038540102433,-0.2958466025258
-1.83556260323884,-0.433414678235874,-0.789747027944003,-0.2987064064809
-0.2142456572565,-0.881960186314111,0.587080161578571,0.41480162683476
0.368934882842101,-1.2545107515481,-1.66116280985578,0.610745428518187
0.871315927395652,1.17571554139717,0.575293200706889,0.141707091618956
1.28361499095335,1.44640542322668,0.417818582853076,1.62861228732084
0.0930445042927798,0.868571063528997,0.581429235715788,0.888784659520798
-1.02310379677206,1.04279013690743,-0.0113937848348457,-0.495838969242729
-0.236799908725362,1.14327174093925,0.31757636922885,-0.561464457344354
0.425749553403755,-1.05303654777901,0.903017705617582,0.209020771466145
-1.15830789105197,-0.0108223477214502,-0.81812189856463,-0.604999109989403
1.46722365930013,-0.560717500209604,-0.120593494041207,-0.300019144625876
1.34310227890126,-1.99222354751129,0.699566247888487,-0.35191196851556
0.594573924690753,0.981503820493956,1.53546365196307,-0.0953794880326221
1.11666394423708,-0.337142834571515,-0.675933175227233,-1.1756463090991
2.16196461603283,-0.837756299715201,0.049234013863989,-0.594191011728594
-0.0120343347173889,-0.0413915449151631,0.187232575635923,0.821061044815
0.20188799068087,-0.188548073604385,-1.50361963725024,-0.712805422147772
1.30998782640975,1.16753430307154,-0.894594834649763,0.108390949208936
1.18084404515965,0.39022525307159,1.12153790365614,0.848763602494473
0.566561981105664,0.346828052062999,1.51196922244365,-0.400061849749218
-0.852455684402025,-0.355896786578678,-0.795970072110883,-0.0881893385045086
-0.648544700831361,-0.571754055988526,-1.66760197311003,0.141186998574514
-0.269200854304152,1.57714134714709,0.759134555041762,-0.160342459847166
0.158396430056974,-0.400875336165847,0.331133414436112,0.511977074207025
0.759535220458995,0.557417037114783,-1.51111734356246,-1.31977717241799
-0.377543771985775,2.11161929259406,0.65361975530193,0.63169801615698
0.15695276036304,0.146165868477411,2.60258055064622,0.291508026876062
-0.883460368629778,0.182109719472969,-0.0287902959099048,-0.086065467019353
1.27184763018912,0.632743532289616,1.07947177381162,-1.09995409340814
0.932859321660747,-1.7453137604263,-0.658727527981328,-0.157306656116503
-1.88619791725617,-0.783098400084488,-2.85750031713125,-2.2471152177315
-1.29497771270471,-0.605675251487573,-0.356182369844408,-1.98449136825595
1.00071367271745,-0.61134150836514,0.210799251854336,-0.269274827892759
-0.355917333198156,-0.488231313026498,-1.18712586799393,0.143896091029057
-0.239339612099777,0.233564327802077,-0.669445834995659,-0.260625762907224
0.164608004041851,0.364723509015266,-0.226871512227117,-0.541807368795164
-0.491583243403387,0.737088288053844,1.67689381473288,-0.467491394874846
0.426368815284854,1.31570557145577,1.0717394143325,1.02221599434802
-0.606082172023301,0.659126405328494,0.687050059659824,0.23723447704729
-1.09992137219096,-1.788714392341,0.111761711876053,0.00446305475678582
-1.47343530021519,-0.867476237689922,1.01607718603753,0.600129381999317
-1.24688744806503,0.324697047874542,0.645317382626067,-1.78303455750202
0.250537876701364,-0.769657159366854,-0.490285400618612,-0.775432867882423
0.193487009623072,0.398912728650234,0.483313595364169,-1.38284281884785
1.25804829789628,0.802451341091532,0.779280064195297,-0.376564158977254
-0.727825060333718,-1.56756025645754,-0.257731298227036,-1.40676405047621
0.932902849551539,-0.679591684482142,-0.100804286677646,-1.25188319266779
1.45424660022872,-0.446397047359628,1.90013929081582,-0.0326240619883507
-0.371739573903193,-0.389919349754188,0.32983354287677,0.238792719292983
0.599218759968954,-0.0070113007672255,0.948330877510719,0.359465497084678
-0.980944255115465,-0.288950378489441,-0.554782500850856,-0.751029447769997
0.797600437781109,0.0489484164477005,2.15210131962288,0.804398915824601
0.530072675967962,1.1582532665558,1.61955857161586,1.05811062124117
-0.813844391608357,-0.427438445464032,0.448098195140045,1.42258089735058
-0.911849668392807,0.231834637215463,-0.155371009431224,-0.0694313256984156
-1.78790251057201,-0.529615122320113,-2.05371748131543,-1.15559248170348
0.0955536927350068,-0.34928170240167,0.288272404722205,1.01542458669481
0.397860122352112,-0.49389266160799,0.803236182560601,0.566432238518427
1.25767693678992,1.70290915251924,1.52861327470534,2.46183451265576
-0.453835754166448,1.00670717320518,-0.636668178228428,0.827968492662091
-0.976196739690879,-0.245195594615113,-0.840036253410205,-0.476801518257457
1.28157053262758,1.13324421632854,0.189765219498869,2.05007245907682
-0.806623556183045,-0.51402081805153,-0.552277102956513,-1.17612463529064
-1.05508682435223,0.416791039359536,-0.446604044101127,-1.34244778393489
0.70795865107156,-0.961555815558359,-1.71368709150711,1.22094539793767
0.584431907245027,0.693438001690858,0.880567676528612,0.95806073253522
0.883922408745438,-1.45258830204454,0.842224865553428,1.71285475174529
0.836461195382163,0.462716785580465,0.534211013467478,0.564946921522613
