"X1","X2","X3","X4","X5","X6","X7","X8","X9","X10","X11","X12","X13","X14","X15","X16","X17","X18","X19","X20","X21","X22","X23","X24","X25","X26"
-0.345477010022613,-0.578159792192694,-1.14413238617492,-1.02547856878838,-0.267775803537454,-0.0150763105965578,-0.412514051864359,-1.04438343068659,-0.0861336042687342,0.127467972475914,-0.754313013260073,-3.20380632254393,-0.72920341552635,-0.690065864923201,0.132352811199688,-0.528988252344902,-0.697906049754606,0.236631848629823,0.864868297511245,-0.418302486551071,0.662807637700401,-1.3892658343074,-0.857133391853626,1.29106907002178,-1.02381630163177,0.562706163380231
-0.114347776974264,0.0848726052676845,2.11490755936214,-0.339129336176112,0.764911079102382,0.0184191838556259,0.164598668324507,-0.330406701493131,0.0563838142268327,0.29215163623624,-0.804204168181267,3.84126859306507,-0.109767015763491,0.659951772461343,0.619680870101795,-0.759148047016694,-0.705074411482453,0.0012544902174158,-1.20007498067287,0.156457640439627,-0.290779088795885,0.0888804822984758,-0.162124190437052,-3.36951060813377,-0.366815895376892,-2.58352681849011
1.20094988929273,1.27530681000831,0.777603374708568,0.416842340465658,-0.492579546601774,0.0117284586661678,0.679530663135508,0.444164489605804,0.103129949536847,-0.812134994246062,0.653197125930328,1.60148967026869,0.706302397945331,1.49662981370311,1.26510759029836,0.65450545815905,0.507509091227387,-0.613208021526012,0.00588568806142041,-0.0852762980634429,0.826745485165149,0.690266402320249,0.534038623045269,-0.774942911970686,0.448648741282351,-0.577737687418829
-0.754331384680766,-0.468520689034173,0.536861989152086,-0.0239030697943846,0.138536860923993,0.0115361582791947,0.344062938317927,-0.0600540930768655,0.0348933735062772,-0.598784763970747,-0.188725693359634,1.50872320255592,0.161738337383737,-0.508660957937164,-0.0444028782510199,-0.282123958399565,0.0283340136663558,-0.370114456547009,-0.259491575223352,0.350240327082679,0.031073728000386,-0.00143754209240578,-0.0900790817009381,-2.30380701614563,-0.073136287308682,-0.885871920849458
-0.929458057674094,0.293939781558603,1.23661406595346,0.00709456841423838,0.302852441649868,0.00469479018517919,0.292338656048556,-0.0429786051022372,-0.00107231096744023,-0.757730367267397,-0.415734034633331,1.87468060802047,-0.375573201300509,-0.321297823213405,-0.378705395893096,-1.08535308386613,0.110693230136546,-0.600962635296285,-0.0688577114557091,-0.377544100153017,-0.12904607550852,-0.116892145376068,0.0634995179382355,-2.66646542793539,-0.050290431919267,-2.4712061046362
0.0711491950779905,-0.0969331111320891,0.390850323995288,-0.586059684365215,-0.00658262442914153,0.0109758740699738,1.01600104317732,-0.569692470093199,-0.10160414429526,0.643553706026361,-0.561721847475725,0.12078950381179,0.295388165266752,0.0322249814815568,0.765108528223878,0.340081075847168,-0.136394727951113,-0.167076781591347,0.43246157749659,-1.15286441067945,-0.589492748449883,-0.0914777748388482,-0.427894670208679,-0.130439582577721,-0.574720644223736,-0.172130398056361
-0.624616761612596,-0.434429053961064,-0.757233679784226,-0.0229840510890396,-0.0207289303115309,0.00151169104320453,-0.203424087373237,-0.0370425140824006,-0.0548227627122889,0.950440737398892,-0.219491220366602,-1.93542543096386,-0.832859620723683,-0.0438978062622131,-0.395201797777799,0.142726933909122,0.0951756047848641,0.474846243159442,0.707566508922731,-0.184607283488921,0.644758546477143,-0.333853042358783,0.0176960771706089,1.37625514647439,-0.0262495452101509,1.15265418546362
1.20975003284693,0.742463616594198,-2.16403156998495,-0.115649139673651,-0.403218150111334,-0.0119663958910574,1.3627441992515,-0.0945765629160025,-0.225002417609498,0.582721331729979,0.517866237419401,-4.19263405005928,0.246800459442685,0.81328386820279,-0.665208957642622,1.60021174588928,0.451714375329917,0.589855061429418,2.01517546052479,0.147786799217026,0.924521687937799,-0.0725128363011015,-0.140992050488236,4.61806484076754,-0.0754216755107111,3.46580604548826
-1.8222015061807,0.653190867448897,-0.885754014607811,0.428476619768965,-0.163440917242282,-0.0128424545876884,-0.338657276921219,0.251481382141693,0.0576990923192744,0.261880905693169,0.995204256256583,-0.715461312953365,0.109412039146116,-0.0524630680023193,0.40757909305511,-0.0107632585821694,0.216922816231246,0.259472580539435,0.238848874007275,0.217490780068537,-0.943437364763108,-0.167706436632735,0.184653416890814,2.44051009615496,0.263152684855621,0.418751712477587
-1.28905823782065,-1.6997309480083,-1.64705116345556,0.00976365544169844,-0.589341461184867,-0.0147521279898543,-0.340363930821229,-0.0652288591210499,0.0343330019338501,-0.423909193658756,-0.0288001757076471,-3.27626672025773,-1.482229277629,-0.941552474242396,-1.51561498124307,-1.71358078340004,-0.67753642753528,-0.376691168249161,0.928366897335049,-0.669187742976012,-0.0816716609250088,-1.12463972508681,-0.0941666368095577,2.38768173706556,-0.0434075531230952,1.62809538755511
-0.534978473923383,-1.17117043676752,-2.31611236008268,0.0341764694775497,-0.845346424100439,-0.0231729365426844,0.723788666282578,0.345610929098137,-0.0415214547009272,-0.0970424545177822,0.327270673543985,-4.46096419800456,-1.08214779580903,0.190415648169429,-0.754914132447524,0.177855481293816,0.581282739119413,-0.118028769591804,1.68845630165123,0.512957902103164,0.198667436114545,-0.222243348201584,0.305926505880706,4.28747451759723,0.371819975079201,3.14328690831298
-0.962954870342454,-1.40536293753747,0.515302787750997,0.390007517895535,0.699576538776984,0.00894704562868927,-1.52540657053796,-0.30267619975016,0.0522239135754863,0.818399306358399,-0.493661109518132,0.857424647929625,-0.72742797877459,-0.62818740933719,-0.211499493002093,-1.30521521519727,-0.095708734688858,0.573368007992425,-0.572219110442989,-0.333317793408688,0.335431586635645,-0.829255763007713,-0.249956293232448,-1.21704619316311,-0.312884317034565,-0.579072766467098
0.383006875093528,0.510272811259093,-2.23087468192953,1.1316233039732,-0.626980104609856,-0.0064125769320478,0.199220027591083,0.470151841078698,0.0324068471551031,-0.111925700629701,0.491817098787337,-3.38970593175174,0.496101849462062,0.572283998268731,0.506911265120395,1.20324390643271,0.211569315847262,0.124249930264125,1.19925212919627,0.165902436355113,-0.685058983186358,0.148313994457566,0.30758800669678,3.75021938410297,0.50001904984798,3.40865037506651
0.543509886465345,0.598363312901206,0.810121807294689,-0.0904075681274147,0.416232441144332,0.002157117290827,-0.0253358514957523,0.0579874594461967,0.0399294370644295,0.127458256595721,-0.964735811084747,1.38779353381658,-0.102501346692781,0.0858923341342173,0.200684777461367,-0.401914062447988,-0.435250528160238,0.234225896201346,-0.346753027866515,0.358161835093639,0.815038504160288,0.123344875483217,0.14271152030019,-1.63319468754583,0.0536315080425678,-1.00794657251593
0.67053175459931,0.219341099632612,0.750066719742089,2.314022297727,0.459891031763444,0.0190507406260722,1.05210207586617,0.450394570210347,-0.00223001688707469,0.431607090089264,0.420851497857533,1.41243137776678,1.08554447836361,0.636994960745917,0.257558817341293,0.0692704733682883,0.590096194830786,0.477496341162861,-0.502229066460995,0.437214389599027,0.810071399146284,0.488326906006404,0.238342181076057,-0.544855961798651,0.404990041392805,-0.330823263505135
-0.837377612465912,-0.943643229230114,5.49990697368596,0.495365304729066,1.25713679191348,0.0364305695594092,0.101500433472237,0.597926331771089,-0.00560282289430821,-1.25407546440065,-0.793576846382533,10.951788348935,-0.283992659917458,0.0748015311935023,-0.779018075151771,-3.45315734482741,-0.0028533566563445,-1.2713013492501,-3.30706186380851,0.138760483934506,-0.222081717831144,0.795101897693218,0.413619258380432,-9.58558037506326,0.532320768350418,-8.27459087561142
0.217706291486419,0.102247506219876,1.62889456996606,-1.59047267657791,0.564072296000395,0.00601764405031639,0.61003111797821,0.180834698706463,0.020813805494467,-0.42204327054781,0.048146541150423,3.84195492429815,0.317924326892035,0.291488659094999,-0.430371115319656,-0.473277691220566,-0.504690413538119,-0.290877858059894,-0.241337974498326,-0.0500649470842729,0.438064212075891,0.273664401965509,0.946795213541297,-3.46020594251399,0.192150485810743,-2.20403734573435
0.11769428287173,0.464508008575644,2.61565352593117,1.83221445030018,0.737760654372183,0.01808737958093,-0.271430740968251,0.151481005693833,-0.0392740442565094,-0.179218920871472,-0.532090854869921,4.51146114708186,-0.0432179096489098,0.348631997729311,-0.086958926793921,-0.726155927467243,-0.0885524153211596,0.219222631402645,-1.51442776389269,0.158763872889361,0.0106124456012569,0.179283492581487,-0.193347614304916,-4.3849313162488,0.15414541165778,-2.75816834394825
-1.49919889930563,-0.866012271539407,-0.270837421330091,-0.0421446863203949,-0.394823831081477,-0.00504608235294678,-0.20193606842858,0.0893804336562073,0.0519908381370118,-0.27760641451137,-0.136539765425555,-0.00207313457577685,-0.449737731963319,-0.389395899002112,-0.338576634390147,-1.45544643554427,0.541362651249634,-0.371424924409334,-0.270765754241424,-0.0763875520436401,0.919406496131241,-0.333029519137103,0.0440798210944732,-0.530124349949863,0.0924028388114074,-0.389549491711885
-0.750694677531725,-0.746990475626859,1.70047480836007,0.577385503528497,0.225648333298373,0.00519765338083753,-0.496995379390047,-0.258895933867925,0.0594286928349643,-0.675726214742728,-0.325062248243651,2.50436494331053,-0.0953952360461788,-0.197326014263387,-0.305651237303796,-1.14895265918403,-0.515505535129911,-0.631452908317804,-1.47239564564843,-0.567231265745861,1.58846479922258,-0.210001127800161,-0.129052771668642,-3.33705218621123,-0.259945359982823,-1.9879001171432
0.202077564104193,0.0181105610789918,1.78510837286206,1.36653371262855,0.961090258467997,0.0257496494702828,-0.0575423954057892,0.886949098583616,-0.0968418150581848,0.658731587556282,0.643260356462848,3.88732549605175,0.297555668211522,0.527247219692943,0.0217010077869987,-0.754916261774897,2.0374063458708,1.16966172360809,-0.814808307073911,0.273951742109284,0.489773797655246,1.19518113912939,0.501065930085833,-1.45613026447198,0.879682811888165,-0.680709101844353
0.901225412091825,0.0419439202508047,-0.161831267765769,-0.125774422536089,0.378088488699783,0.00490616850681182,0.0501741759577749,-0.66212944072538,-0.00690012563450328,0.831354826268702,-0.426052114542954,-1.30720513688339,0.0674129085946349,-0.314679485220142,0.0409358631726763,0.27576316441721,0.267455597072533,0.798187594459835,0.458478129539013,0.2453312201875,0.803380669443183,-0.311519089295681,-0.885969458036149,1.19894169861704,-0.678582771051267,0.563879519998025
-1.43102802475691,-0.0215403598712786,1.45943398175877,-0.937530673474963,-0.322176646618601,-0.0255552255171311,-0.210907541156052,-0.248194865498791,-0.0205549812181379,-0.206659130257814,-0.67735981220593,1.99548371188066,-0.299194678379242,-0.172039395995761,0.0579503198994339,-0.697433940855922,0.650058652473386,-0.0345427739207301,-0.598244521139617,0.916391271611941,0.954425125094684,-0.19861454760396,-0.373250338847988,-2.89368690662869,-0.266204264939001,-1.94221326147937
1.08550196333189,0.00815891329863187,-0.521412941858676,0.644641246475222,-0.373621074767312,-0.00688713695153637,1.27463335763753,-0.272184012203128,-0.0337909517314108,0.215955410285002,-0.283254975046786,-0.663310799629453,-0.449900955960549,-0.297923317463538,0.272292156786369,0.129473322415067,1.1153559162231,-0.187266088099805,0.613454576796473,-0.408783286302094,1.81635169403223,-0.169697702208199,-0.496105847954379,0.861133728495757,-0.270695152614404,0.427721817302677
-1.31329659533088,-0.78316133797092,-2.36684721073232,0.377179732944763,-0.407354802413407,-0.0220143018693979,-0.0124687852922543,-0.60248502528178,-0.029776902417296,-0.619048054997808,0.0620990138835546,-4.14942098829635,-0.50613616094223,-0.798037439493879,-0.520306583418142,0.318202633676795,0.433291950836573,-0.786446799966532,0.855575570579418,0.937634956129379,-0.447527850190087,-0.876718552945119,-1.05675487371015,2.45577321670607,-0.577581785270252,2.08347411794256
1.06163102479868,0.292754699001992,0.916524845072996,-1.87440086806136,0.235700667274393,-0.00191347226024108,0.262714192854483,-0.295916857033767,0.00914282947471644,1.65719935462146,-0.797507239740847,1.55842702150282,0.130734167052388,0.0624338576162917,0.523179773362974,-0.177518629290911,0.128178257924503,1.4094104013918,-0.660077396664744,-0.219305786036006,1.59871671454938,-0.234330478723919,-0.803792152653812,-1.12528173752,-0.311251490478727,-0.282943969974648
2.30256804618107,0.343077910535988,-2.5776384550219,-0.719590636082514,-0.391401694431562,-0.0153042095126679,0.324115427141221,-0.681827958133189,-0.0157880661795654,1.43670495635283,0.81710046834402,-5.81738472352149,0.274282300605939,-0.903867247342293,0.485395292484738,1.97737890925923,0.428335487861109,1.80068859362008,2.25372241119072,-0.756051886825239,2.29250778287142,-0.394620088153546,-0.986614887484814,6.5333200510686,-0.653914658509464,4.86487759024462
1.52690791027815,0.19117685152323,1.08891772180644,-0.169811506165673,1.17128654458918,-0.0071542565942275,-0.0905304016971022,0.152446365626416,-0.0209105430663479,0.616273311879125,-0.212734205245149,1.76577006169434,0.745017931199899,0.00696318235842919,-0.10280226512913,-0.212458892420591,0.606498540543646,0.560795981179292,-0.608493782122723,-0.0358607238604503,-0.197581488356313,0.682105954203071,0.821307705866811,-2.14552772326956,0.14802377847976,-0.260336357826641
-3.06196484950538,0.277421408960743,1.1049519503227,1.2181706925227,1.16034696939424,-0.00370695521880703,0.0365383214712476,-0.0505257105500391,-0.0120948139266751,0.883345515686879,-0.410245274766227,2.12881992651044,-0.00198348920695411,-0.158370479660745,-0.154911260944014,-0.580521214673664,0.00402062008523069,0.302713804995381,-0.586637948215837,0.869779832952613,-0.495751234786657,-0.264091647151285,0.0258442980549538,-1.85509976633499,-0.0637267521193346,-1.18625529575502
-1.64159749407201,0.13372952520183,0.0634053157208707,0.286112997351098,0.518395097701234,-0.00865018021562498,-0.49320918405906,-0.257632273565303,0.0416181801947662,0.527986720281776,-0.206042599366787,-0.522230471424508,-0.0506793999801918,-0.330957893135163,-0.213767544067034,-0.149754371280871,-0.417542440770565,0.584844355400274,0.0506121515853042,-0.173982875171934,0.958932440090184,0.317641109428573,-0.0835912380386897,-0.217132113093963,-0.253556761506154,-0.272390299805532
0.210536849518717,0.471939709105049,-1.65611915121371,1.6208282275852,-0.770050941998051,0.000298368223827301,-1.02055964037434,0.36866637406501,-0.0157701644889776,-0.572823432574801,0.576703335538756,-2.8941055437838,0.589687933558938,-0.254062504204567,0.134017254743857,1.3038268607585,0.457479791281801,-0.196414850950582,1.19198884099286,-0.00796965730659236,0.147764015526518,0.232234582554154,0.190017918455961,6.11806476876234,0.401873011024228,4.08152378607892
-0.178053743445192,-0.756714116861528,1.61010929815967,-1.98673821788026,0.458995087621285,0.0109569954712948,-1.10698012304259,-1.17337975437375,-0.0164473848936634,0.375765802156625,-1.34909711220167,2.06645311137388,-0.0729351650835187,-0.565632962492182,0.272520859321741,-0.761973931026608,-1.02755444216301,0.300795492081302,-0.811556117867741,-0.684813139852762,-0.347894329617412,-0.33382041741438,-1.51450532401605,-3.08261591739999,-1.20740991229036,-2.25315656179531
-0.164146645033646,-0.409644108079438,-1.36671773903796,-5.86340280476013,-0.9617785921556,-0.0125203274867222,0.0490369243220459,-0.467102734454039,-0.0892742808036564,-0.0686414882059796,-0.0654985236184895,-2.70605015594787,0.0442323902452897,-0.498016319327483,0.472618894611098,0.838563074438335,0.119956207002233,-0.17792640360097,0.97632909959451,-0.139715513001396,0.0141118904854838,-0.375897424173197,-0.0502739798969486,2.29693234722854,-0.454566583799866,1.03796243943415
-0.0964979937960547,0.38849304831802,1.89439503754687,-2.14399756042625,0.748621920176692,-0.0270448471338192,0.31869995465181,0.876699760201573,-0.0641951999446709,0.335557369105682,0.156909548293959,4.83427649771725,0.822467630560531,-0.11216457625864,0.38099997782504,-0.969264021441389,0.864592165838363,0.0294095764819265,-1.09313653382337,0.525800628696221,-1.6285825410142,1.01018308765944,0.214084046550236,-3.54480426304295,0.837429790165486,-2.62740347865777
-0.651380333212807,-0.0619063746020146,-1.42348586687418,0.884021533735255,-0.840013148377567,-0.0290913302834857,-0.623247113373865,0.727562462996521,0.119561577755169,-1.38699123865066,0.752066461068301,-1.39961653651455,0.0138091663880149,-1.53210547481252,-0.401045946442281,0.191334132038305,2.03087183513258,-1.0024341343631,0.62282356823165,0.202735505199045,0.24736602170343,0.136245822357946,0.326008066963083,1.99858141276301,0.722346225967945,1.17630749725457
-0.103756220120367,1.01108200206697,-1.88849829991926,-2.30712378885494,-0.453756506545295,-0.0136706287427336,-0.258499253060888,1.57176805690944,0.219498999416428,-0.0688287234317667,1.65554073150203,-1.40556690649068,0.887756456260578,-0.783468927543577,0.118298527739275,0.707814694944417,1.74797892110429,0.426668746987631,1.21487490317908,0.809099553680294,-1.08947359244405,1.05205836419551,0.800858181720617,2.90225144715765,1.60716102675846,2.8507220720872
-0.377361258829367,0.573616963063443,2.403417468249,2.80768297547086,0.724039845958123,0.0157410250083894,-0.234128031364979,2.17616533697967,-0.395877454288433,-0.55784812888939,1.42392120901723,4.60199926258771,0.158894526234168,1.66005979642032,-0.208141520298794,-1.16957124077339,0.504384328626831,-0.310395876161101,-0.730746482111515,1.01805901719369,-0.618549132383086,1.27282828398085,1.66190269107689,-1.73841549509083,2.14265890276616,-2.5368613683418
-0.0503996585231505,0.19860563830054,-0.832811633230026,1.21108406762571,-0.148100568891174,0.00163020464273195,-1.0649089755175,-0.428377160300712,-0.0430274165762654,-0.126439616884205,0.135815676812345,-0.336310403345847,0.429845577753777,1.14264434040016,0.0183681653726417,0.333005545767158,-0.0433975128999524,-0.354475296234978,0.795784621764272,-0.0619053997304505,0.259485786144557,-0.318129808552362,-0.698153126098603,0.586105417223716,-0.39752723840299,0.594044907443015
0.157729771410522,0.663222843142818,-0.0426076680871402,-1.55465644097197,0.182255250490411,0.0214727598747552,0.654711412936623,0.479128198196262,0.0337184428589386,0.13905174557223,0.302646566759129,0.802095969401304,-0.309715209786842,2.08159767943707,0.231548330769388,0.502099404109673,0.271305071473601,-0.0472734282157163,0.611388532630917,0.0400287616406636,0.615664406709921,0.466063969245158,0.304238669876727,-0.286600704377958,0.254233458317175,-0.551092071628379
0.985073304943321,1.00119731652423,-0.71076751794614,3.50888621010678,-0.310773006469084,-0.0181097060092556,1.58114471040234,1.65133143019088,-0.0405017302941903,-0.326561092988961,1.6697229168691,1.06025692648453,1.5674522060958,1.75429323778993,-0.058228409917677,1.56778253906167,1.6887585660694,-0.0521351525278891,0.209137421173843,0.812084333273801,1.16354241136522,1.34570705631852,1.18412708238441,1.56608189582257,1.42830483496515,2.19768469719322
-0.587148597160526,-0.619933002665827,-0.689534002325866,-0.676959352414066,-0.0585170180309668,-0.00324572729590562,-2.11009528492982,-0.870831001807344,-0.0763737814696778,0.00975067559465017,-0.381893546712122,-0.130007979053185,-0.63231047527398,-0.56166443843042,-0.128184191137393,-0.611999853914338,-1.11510403005953,-0.0225557621625041,-0.949685963153187,-0.328706672049403,-0.691650899285362,-0.770048443809267,-0.879400700052391,0.069563459736654,-0.777631441988125,-0.99986985657904
0.388725535018814,0.434466047242588,0.768556793971985,2.37081498707775,0.215397941673877,0.0253825494404029,0.77328143158084,1.00616871522394,-0.321778160118748,-0.342785944828962,0.699856191308551,0.217440622551061,0.576686756600405,0.268963930564213,0.0431893452816366,-0.207719811879347,0.663644409909193,-0.614066878957574,-0.70879617992819,0.245223623278766,1.0872690013499,0.687367057268331,0.277110022023534,-0.597043993957373,0.851187416180611,-0.956868232989224
-0.754702238083288,-1.61861436437111,0.168685142096518,-4.87764968042201,-0.0250220029444639,0.00635398852801681,-1.24855071426137,-2.72432819598042,-0.0404249050593007,0.520556911384467,-2.010423962809,-1.84655746031438,-2.19137030741371,-2.25785693035606,0.0224468471513821,-0.78319853434668,-2.3449870967171,0.421643617591968,0.24387430172637,-1.25917381445892,0.0970997473579178,-1.83679887078141,-3.90610647795306,-1.63586925583945,-2.56674686663329,-1.41660365567485
-0.423119036833549,-1.19608167310621,0.0817978543636462,-2.75616739332465,0.762802540366039,-0.00764365632897505,-0.521469264531848,-1.59198149770124,0.0552513938665035,0.416070413367973,-1.36800986598439,-1.5628011116939,-1.10116722423981,-1.91109217315472,-0.00160171853356306,-0.173162528598323,-1.25551330739551,0.575764483837244,0.516131476051157,-0.732440058465769,-1.35825734348931,-1.00518304043373,-1.32430980690899,0.0786109620491584,-1.52673097355426,0.698438725438528
1.1185651419708,0.489350600718859,0.224735777857311,1.31018956233799,-0.0219789114889185,-6.08876483256266e-05,0.433872936988235,1.05096579886639,-0.0342497000071614,-0.19162846023533,0.486041626311003,1.57202999447228,0.855322774293389,0.975214769162145,0.206514422874108,-0.0611022403200079,0.773322189989521,-0.136352213298376,-0.0473394825482581,0.521481759427367,1.224763901769,0.751706356454177,1.20762300570843,-0.876517336824516,0.973966372633002,0.197212682001323
0.632347199883689,0.136802275584331,-0.309649012280256,-0.568067602148937,0.371317449042109,0.00119385655762535,0.0871196756971719,0.147395403442169,-0.0375623477264637,0.426327557927257,0.134028875351454,0.727559154465986,0.663825690308591,-0.128950768079879,0.425616913652368,0.157237954346461,0.297775623269214,0.449992224725562,0.0848947620301456,0.410025475957941,1.48715865620162,0.213438707752117,-0.138904898914238,1.72206544426336,0.188239051304751,0.982644192628076
-0.727778601888811,-1.0593450250047,0.199328843776924,-0.569381056262147,-0.00483392332704692,-0.0178853517239124,-1.43163837527323,-1.63578705640591,-0.103796293558176,0.55389290573308,-1.52311857860423,-3.22070375164642,-1.23532152626541,0.809646256046384,0.094719646791392,0.148446590074463,-1.34872834031158,0.542076140582819,0.214377204195724,-0.896775157299342,1.5336448414839,-1.14502411274694,-1.71384627757197,1.05532705720842,-1.62836038714372,-0.227180825042005
-0.29505348164235,-0.160863253962177,2.36334182482506,0.529344585635971,0.905104395689921,0.0108268001503429,-0.412009293214778,0.304321816748692,-0.0658570894497165,-0.221352032494135,0.0603332741484845,1.72598602200236,0.228847239400028,0.108439959207997,-0.118955894241164,-0.366859900225105,-0.00224184096818094,-0.616691936298108,0.0582441486943172,0.00814905419465528,-0.812682720156996,0.427822937935081,0.479702576951496,-1.21823978928462,0.321712184791901,-2.30644182504345
0.169983025315974,1.0529770840064,1.26644284675219,1.5478194360931,-0.23215124081449,-0.0156739900688263,1.3558372225015,1.61996295023722,0.017940587323696,-0.86973109151422,1.45264707362651,-0.036998583685381,1.0737529618625,0.970917662559122,-0.172891779281539,1.24754209261211,1.3810351397326,-1.02866854905186,1.00688082321143,0.30437465607047,-0.821152074566068,0.859239048744122,1.48259994888687,3.09491682218882,1.66705094269825,1.70545980670648
0.274386717089939,-0.198253553145056,-0.544035924551993,-1.21789836032614,0.300152515419022,-0.0135860812298808,0.294897764019224,-0.427721095329668,0.080092193840993,0.132814676808561,-0.12783478221217,-1.96318019426572,-0.395858397243196,-0.215309787340929,0.202122092302656,0.152319134911167,-0.102507619790546,0.531672547317649,0.572109364139609,-0.515224971880437,-1.04044028603819,-0.255912497360084,-0.328656559229375,1.58770608066879,-0.38363184677447,0.680485767249095
-0.275927265402268,1.22241092742224,0.091288704280391,1.55117967938184,-1.36356287086066,0.00159123741615306,0.22566511994749,1.61009568661452,0.178103894309272,-0.548296499288216,0.950972958774621,1.98926020522273,1.26801314905463,0.958803168738573,-0.224121875624968,-0.123241258048996,1.02507119383916,-0.982409272972104,-0.311717675785416,1.18223132373582,-0.467024500238201,1.06074155627824,1.4164665178514,0.603299268446623,1.60837965344206,0.0295684318059298
0.0815810789170241,-0.109481292630495,-1.70194213245402,0.512802164744428,-1.22152974729785,-0.00468813055143565,-0.0941803123622139,0.0183240116251261,-0.00523878858162078,0.0296053926934684,0.342451449404753,-0.745549967167095,-0.0273833670390011,-0.20153396501672,0.0999630874729678,0.201520551323743,0.310520934643505,-0.0944464455949269,0.199936771364949,-0.50630547823818,-1.3455028089114,-0.194570789044849,-0.120580167050614,0.821553340571558,-0.0159290669988823,-0.0339053673961569
-0.477098777077668,-1.09471217599322,0.996966114892379,-0.589279597713644,-0.810849639369333,0.0185216206085224,-1.60925726197299,-1.12974014026201,0.127373348986669,0.432817163362226,-1.43568187929121,-0.230196450606681,-0.88798656141516,-0.890345801947734,0.203713165289296,-0.411637661385625,-1.03938983399513,0.148994372168207,-0.864059661936876,-0.097034029264426,-0.44381413518285,-0.497934637079263,-0.648300793777045,-3.08159339274072,-1.08530620625596,-2.29369948168404
0.537866173093638,0.778110175382703,0.737763147620746,1.06463018567802,-1.444080026468,-0.0121932354594127,0.00822135853199901,1.09777731585841,0.0619971721329178,0.0688431357401727,1.95304770511127,-0.444961540385433,0.813420274469375,0.807793788977392,0.291211584758099,1.18888272809273,1.00898189443383,-0.17087256947567,0.238236124330111,0.597419853504562,0.375266087140074,0.668519866492497,1.22581218572186,1.69626390744621,0.993899772933634,1.52169360547045
-0.350055702081125,-0.637755960366252,-3.70349058921256,-0.803576343137338,0.391707624666375,-0.00736609202802233,-2.95227231106928,-0.674173965911271,-0.302528195362412,-0.177558540492043,-0.870896814517369,0.316886805010493,-0.515911763834584,-0.35933726946487,0.0136898269460595,0.205356275045428,-0.364483563589841,-0.210995348836389,-0.288251453022371,-0.210692300802172,1.31190467716015,-0.399006694906398,-0.368164117729202,-0.49560973525664,-0.64230543012138,-0.961992637913191
0.0270724235690971,0.190820456038037,-2.4399466328357,-0.682436664832658,-0.958375058115815,-0.00300424316375743,-0.212162069079758,-0.829987746576844,0.299732161303318,0.335528667760864,0.745118683442915,-4.36462361692797,-0.877609333531866,-0.735098602712408,-0.101119742045055,0.880253449398803,-0.212476326493207,0.310245799171797,1.18472911936231,-0.410290075607811,1.45718118970447,-0.974440206855593,-0.714892852641444,2.89078988548146,-0.864378566984587,3.6801831240755
0.126614063160068,0.475392111843264,1.4999585041462,0.622022876976078,-0.110077123552238,5.87460622142669e-07,-0.440645442188253,0.233839315562703,-0.217283616861365,-0.20913254888817,0.308844701219466,-2.54125938623898,-0.25177025634446,0.209445812639577,0.143650618139386,0.112651154382283,0.673299245250861,-0.249245763776304,0.670625010732477,-0.123547071516808,-0.531232566254797,-0.535097241410973,0.215781393612748,1.53244291701408,0.284993529567139,2.33527233128732
0.347330400090731,-0.384849197258087,-0.697646314262959,0.00740940089664285,0.738658375776779,0.000462150921438739,-0.0747196834827719,-0.450694920679013,0.11867219305105,0.472791660906594,-0.0246987142616109,1.08082281939129,-0.448671375823621,-0.373446771181654,0.276841177916268,0.778129078936166,-0.0109854543583182,0.462263016168467,-0.229429695309969,-0.276927871724438,0.419162954381317,-0.070259058981795,-0.543913707436369,-1.01307304195945,-0.398473904431233,-0.451967338574937
0.36818537403234,0.579770416620724,1.65569591532105,1.45504727584758,0.836948101266537,0.00877641890638293,1.74308481217809,0.900303092977349,0.291924002212292,-0.278729857754511,0.559409927579188,3.42696014725065,0.0312005510278653,0.855251421768086,0.0283884594242864,-0.512105847334436,0.884997839446971,0.270273054572376,-0.740374143002231,0.414753595772279,0.550786784048813,1.10472510557489,0.883999878674978,-2.23179099799779,0.897628169593374,0.0128276711232561
0.00405488726329046,0.85592430405756,-0.185023424735736,0.824654949339915,0.116508510724569,0.00291249884031691,0.407044494398273,1.21371616850728,-0.235199302214158,-0.046449677371577,1.1041125297529,1.73827333787382,0.960356678328709,1.26023184269176,0.510367186391338,0.564165977903813,0.534217496993973,0.86122418475387,0.329147348914113,0.687676715354306,0.637901607907705,0.998763911172334,1.07769443792235,-0.37985071643467,1.2122475586202,0.233985540084023
3.03105402127792,-0.581341888577154,-0.573836562264551,-0.182417706414826,-0.371023038706559,0.0109901415158168,-3.58972014484188,-0.125074416661697,-0.165159401008931,0.383216178713395,-1.0626950632858,0.864018692828636,0.135838559214156,-0.388999737600279,0.368511950014642,-0.93946776834373,0.00802109381721984,0.294172460135957,1.22364356850578,-0.0132014395157558,-0.0700323261298021,0.196402840617972,-0.109755077315218,-0.53439032179597,-0.122047914220585,0.581657731736381
-0.266659295037569,0.138489633956049,-1.10165776288333,0.615254445590409,-0.874235850974419,-0.0123323252365611,0.636087075950991,0.179900890369525,0.284073006409893,-0.193246127387136,0.610174836166582,-1.52636537163666,0.324259610336187,0.280456483463535,0.422340871996557,0.56737571877275,-0.494381858109303,0.540497724760926,0.968344362838062,0.0116134508670229,-0.0222805230734709,-0.0674450875617277,0.0659230051107594,2.00445727897649,0.147245685983961,1.6401168951209
-1.88926472847419,-1.07747105163433,-0.767833391703667,-1.14747418305181,0.464669785648385,0.00651324652493372,-1.78094670134591,-1.32865683399354,-0.015586337102882,0.604727609466527,-1.59599130606532,0.14079856033282,-1.26733889832804,-0.978244231427763,-0.287880350954108,-0.282560782422283,-0.840432515111603,0.330103973359953,0.086944914407032,-0.792181793817337,0.714708048369213,-0.973827361594087,-0.912059810194746,-1.24062202392533,-1.32884873083161,-0.420058950221955
-1.00266051304475,-0.250271016038542,-0.542504425356641,0.0683692548725302,-0.538748017846348,0.0202578048224674,-0.683427163189733,-0.130827099989775,-0.0094821415349274,-0.430644998531736,-0.15358841553556,-0.106867929447785,-1.11279754411418,-0.129311474170301,-0.35739097308742,1.03341706215046,-0.685363711625532,1.41337629411503,-0.0357301291919749,-0.148361444904676,-0.102095409011635,0.00263740547702341,-0.263183054638656,-0.235750999162989,-0.13083442083481,-0.121445716204276
-0.077514346027329,-0.58801452554485,0.15371901544489,-0.089172106861139,-1.90338276477442,-0.0115226139117519,-2.54906350148567,-0.0553411185833672,-0.0224324014113307,-0.709526206108716,0.249479765618541,1.06416060243251,-2.35156915926129,-0.444288061495214,-0.0540442256135413,0.865201790704774,-0.180530652250253,-0.749274159721648,-0.961300024756394,-0.067184896197809,0.0818272520946835,-0.260179543251834,0.132979731527358,-1.26141328745522,-0.0597366150798837,-2.18600555043325
1.25564537149776,0.524524955890175,0.259835049022656,0.722384911021089,0.63348343712472,0.00879738525667675,-2.8168590236713,0.795125233979683,0.0820352452193968,1.13946353832196,1.1373277711025,0.928055531184547,1.3511665548643,0.649110785515188,-0.599929701578244,0.888614663155071,0.651872864167795,0.274060312877645,-0.211564162106476,0.400804702107198,0.337689707758852,0.775076147577751,0.684519200707632,0.444331730229874,0.793554049019004,-1.69933981798277
2.41947248569094,0.286525285456292,0.75298216980818,-0.407461214654493,-0.905692697455287,-0.00684800964043564,-0.933084235279862,-0.171410077220445,0.106109619584108,0.772704668445519,0.402215763542887,-1.97015268651168,0.352571041362317,0.0337553006039015,0.316885060031285,-0.948132775727416,0.270554535048691,1.5628414520725,-0.131447710019845,-0.0956607200594389,0.27524335770305,-0.18019358577763,-0.194745227337835,0.911968122532141,-0.19221238759764,2.10801141900286
1.35514732269245,-0.416381727517943,0.714054700059908,-0.39124750541772,-1.07286650192146,0.000550371230598684,-1.25627348622993,-0.419410218039315,0.0138999582552103,-0.565872222675994,-0.109010165433507,-0.179699685580264,-0.808610714929113,-0.399176875294078,-0.526834091553825,2.15257221486594,-0.497643778409919,-1.0690577022565,0.171972575361374,-0.319590703174422,0.00800549610626711,-0.451484088400815,-0.299597003689454,-0.661541847632168,-0.451780312673961,-1.04941164256264
-0.345502191328199,-0.488586142766473,-0.833544556771759,0.855886914054588,-0.716706881554682,-0.0155374478130491,-2.6819341624715,0.0192251580561739,-0.0255022271750159,-1.07434288059739,0.107826217016945,-1.86662710998738,0.975363158820543,-0.177727800449802,0.0505076289022096,-0.46993673954488,0.204296975824285,-1.35489809853364,0.179398234599235,0.0131613102830822,-0.278228687162464,-0.27350704023164,-0.248373570412165,1.19779688084563,0.0773373385203402,0.269105350613517
-1.38601528777658,-1.42298274712183,0.409657263048893,-1.411383409044,-0.496075220934515,-0.0218619574531135,0.272044959734217,-1.74683264550288,0.0208471780874134,-0.914655842573551,-1.49240113628983,-1.14304209429167,-0.985728906301933,-1.54689471059358,-0.194759246157647,-1.29018416667481,-1.39186022603067,-0.639993441368093,-0.132151132682578,-0.881738062286047,-0.424615475524355,-1.32310458051706,-1.99343728261494,-1.74743712989114,-1.6623368803532,-1.55913492258678
0.0327782951678273,-0.381218814496042,0.455455853202174,0.00465854010421088,-0.518468070692477,-0.00633051367452657,0.599602121253027,0.17016965757402,-0.0162529941897676,-1.37858958374975,0.284186930220838,0.819732029375885,-0.731339435680564,0.0238784328745565,0.0787131355004396,-2.41296457456069,-0.249367321409931,-0.122287615695125,-0.140199776161436,0.158833729983066,-0.294409494299473,0.184603934756526,0.753703654579376,-1.05398920056006,0.309659749647608,-0.254592879572516
-0.0966748610245795,-0.984259097413808,-1.236194629002,-1.65774561708115,0.563040862597378,-0.00125633491468795,0.667962743607158,-1.90543361711955,-0.00842685057524038,0.363163246599026,-1.71443060739593,-0.946168231892642,-3.66015823644491,-1.52189254351112,0.142085634432389,0.22295153832576,-1.68214980005337,-0.38843848510045,0.070607707511937,-0.9567980444305,-0.00221531939539943,-1.19156803608085,-1.83344497269957,-0.968663221007616,-1.84743204526091,-0.354948111317875
-1.19712388479423,-0.629609755998365,0.552562746530887,-0.204852825607128,-0.00516555911657937,0.0111413049642545,-0.369051859655703,-0.636983149039743,-0.0742556030499815,-0.404275952094875,-0.979587355447611,0.231972651761742,0.649503005842835,-0.546967733149407,-0.452286763077697,-0.700979278086364,-0.294407775579939,-0.604348436037592,0.697291658168189,-0.322123042366252,-0.818014476173231,-0.265059761277641,-0.06663682359833,-1.30923330164908,-0.525532370746931,-0.538025117495728
0.0545692641901736,-0.389364393521451,0.142124566835412,-0.188832314835268,0.0537418131886825,0.0178072600953984,1.40139007812356,-0.226013518596936,-0.0556282505073958,-0.702769021588995,0.0864086089426575,1.71030679221346,-0.317013726786341,-0.160248110819479,-1.2858762084473,-0.564690422878728,-0.0540894158188253,-1.41317040892809,0.0753886577063791,-0.196012501875062,-0.104962266388132,-0.00935464232870053,-0.621224210650624,-2.59162380696444,-0.181583467803372,-1.79670894755207
-1.92069539733401,-0.0525276761002493,1.2375831876574,0.178759648579471,-0.654336466094698,0.00605603057638888,0.683721525010829,0.139006685690718,-0.0026722156793769,-0.221700157485233,0.778453817856922,0.909819461164315,1.89024286979105,0.106588237105656,-0.960959660312969,-0.08964299677647,0.18239053219979,1.39901987198609,0.613025247069675,0.0163181894784318,-0.194913872435096,0.112881819352328,0.321535555855675,-0.0743212378519122,0.163708632527572,-0.550560657744175
-1.23412701927538,-0.148488304257445,0.355571099617982,-0.540878005482664,0.412240191922239,-0.00128218399162857,0.910376345452344,-0.150817836631823,-0.113651487663315,0.427695146567933,-0.432806025145863,1.6361863173858,2.70881308730481,-0.0592251819434071,0.341602222288697,-0.622794233242008,-0.131147070686472,-0.852829943001754,-0.484168433900631,-0.0642761239062778,0.0476633508759144,0.0538449632131544,-0.00510866197488873,-1.35731997620188,-0.167706013045274,-1.49110278958091
0.832971689155229,-0.0733372421783962,1.19178958437098,-0.569635863239059,0.361166124255797,0.000262604152303785,1.07492449438556,-0.570606965050721,-0.000817743077199235,0.366989118849739,-0.701142298530595,1.19087516212968,0.0743098331977189,-0.309202197550252,-0.374292193262679,0.621531842212134,-0.586122535387973,1.71497993789304,-1.45375765072214,-0.296871965527555,-0.0932253941290426,0.0435956455546523,-0.60656253363608,-2.02149858663635,-0.536674929283174,-1.37834345083201
3.17706114901751,0.436530702644574,-1.06437731546038,-0.21331199248756,-1.11548675998018,-0.0206829522467778,-1.75563379766159,-0.121188216133311,0.0125984364793589,0.587331940042291,0.286795553683288,-3.65603793397518,-1.98590246506867,0.151939774169866,-0.216221081610618,2.40856934569845,0.319263159289916,1.87196833778327,1.60801523130655,0.0539653845370891,0.494186310583204,-0.898126303925876,-0.45883845846035,3.43782894054955,-0.0829194599645099,2.28239362970784
2.82907658110741,-0.220177602965283,-0.0301625559088667,0.539196648397546,-0.772055936696216,0.005786847307295,0.289073457062724,-0.252422525596316,-0.140944439732655,-0.700998583330745,-0.181196162477034,0.281730682189399,-0.628703176253305,-0.0888268884317736,-0.37383303886207,0.16424163434988,0.0779714104054649,-1.68542626658039,-0.306294890432371,-0.142560760361998,-0.231737690192486,-0.246741124220802,-0.115217480159683,-1.08393755826603,-0.170350235003605,-1.6213852507573
0.440282122149347,-0.240645368083532,0.203006862597101,0.699720275382913,-0.395176219156572,0.00452319049408398,0.624469248780842,-0.116388062244609,-0.323761950376182,-0.865489539820988,-0.492074593728884,1.95883618863014,-6.34074923056981,-0.00900532656470183,-0.540827219629508,-1.21330719746968,-0.295839098995849,-1.60704092978305,-1.07850294439047,0.397274623542169,-0.0298270563919365,-0.0539019832153952,-0.0957941363826847,-2.54747891998307,-0.107387160613243,-1.68283930898812
-2.39843638920145,0.321560071261889,-4.25580014149865,0.818859728645,-1.93732317094415,-0.0309054154860322,0.104794496489363,0.011286522262502,-0.209466647707709,1.05051268618153,1.2340659060838,-8.45568974563567,-3.84860360116733,0.277270247435014,0.333378469060404,2.03562495172843,0.88950638151355,1.10441007022427,3.0966251085175,-0.280143211827391,0.560325411014984,-0.720241065051115,-0.267410751403564,8.89969628272304,0.0611517179285006,6.78042395820763
-0.242701303492174,-0.12507547101387,-2.60747627906525,-0.544362899641892,-0.357061474190716,-0.0250731557174306,1.05295759381181,-0.0696653128299665,0.32618247830937,-0.256011672044768,0.445075182152159,-5.81139607428905,-3.31750203260214,0.081457188095574,0.337759318178816,1.05717817465697,0.353515450616264,-0.215799622166645,1.45319168076624,-0.206398511448039,0.518851361130106,-0.618300035558028,0.125235775742175,5.33502181532084,-0.0651395505946932,3.2539896054778
2.70277911255316,0.313768057466944,-2.5405678607894,-0.353224840850465,-0.775583794756514,-0.0149191356080949,3.06596117830675,-0.0896888303339189,-0.118938983830333,0.558210980937587,0.497955872588805,-5.28010196010681,1.84363234418378,0.0273325194586178,0.610730747474774,1.09306390693607,0.652348842894249,0.559524664183019,1.75175529400569,0.109983772143513,0.357271691533328,-0.0138751660478669,-0.114306100570431,4.77244009817709,-0.0457995323678304,4.26897738218077
-1.3339400651657,-0.146926858879083,0.241503044564425,-0.29677650716272,-0.721495020867775,0.0017854906208808,-0.687480327122609,-0.162944920874822,-0.027359299440155,-0.255907021332297,-0.272986078870344,0.673387165648771,-1.9965151224542,-0.199824279588,-0.133236248067008,-0.735495097482764,0.0636739365238067,-0.94631596066285,-0.298494493429767,-1.22591447272332,-0.269216284515805,-0.244158109271044,-0.253793208369155,-0.903921117938732,-0.192325821463164,-0.277545482073897
1.35296908399265,0.0652331375637157,1.65847049835365,0.182030762876049,1.07739462009775,0.0144245743317658,1.79603066999517,0.162369525364004,0.167621943024088,0.74371988160895,-0.247466543930314,4.00190730404233,-1.1452740792774,0.133663483928008,0.0976085005562129,-0.954503335274058,-0.0942213653471138,0.0063353761132874,-1.28979733794954,-0.128677341299466,-0.168894775321423,0.181263272275924,0.0865992855606851,-3.34205842972275,0.151147168572306,-2.18363189009913
-2.96951564804814,0.322746773370373,1.39558442016203,0.33227775785381,0.562578063852923,0.00650725929087741,-0.427552164912083,0.377984130368234,-1.07558062014533,-0.290051402942999,0.117059904623404,3.15122258393696,-0.412450795955684,0.51395808004844,0.0434395385581975,-0.443502617640654,0.164773744591755,0.123065073846532,-1.16542430021556,0.0257838436621786,0.224616551833082,0.564181983581743,0.476449502514964,-2.67413616562607,0.360642641339378,-2.05441557171115
-2.07726168428178,0.0545116764664888,0.115687078821268,-0.0390771899407943,-0.367845502398383,0.00106205193573115,-0.626004044546283,0.0863380503183357,0.305843510837864,-0.186065739249304,0.185524080476656,-0.600921120122831,1.61901074445124,0.436066365152406,-0.302576939974934,0.940578724335894,0.0641941850023432,-0.299894799452929,0.369328314797763,0.628890651180716,0.265343560875502,0.349062533917822,0.247488191511146,0.865001727442045,0.0941870763207359,0.640868297167322
0.254975004316481,-0.00410044969420368,-1.08659896117356,-0.217836510616476,0.142935690882711,-0.000555843522996679,0.0113094461026782,0.242298550687404,-0.231244048327287,0.0621411953606114,0.256711640594097,-1.18942405238212,-0.394541958027129,0.172440475993184,0.0890310768090443,-0.306312407904302,0.204884666909401,0.331607678949017,0.695777878347471,0.0760341141252217,-0.589082011288325,0.0864651425574688,0.292555514643146,1.08009898281111,0.238318358461084,0.820541296478916
1.90863236932182,0.271557621188867,1.80395525445177,0.372739914016663,1.14397569823101,0.0140764073627901,-1.82278871876722,0.296585522674734,0.107850081924784,-0.118728583851938,-0.254621223923032,5.47203380584815,-1.74682073323755,0.433260202496707,0.405102962237085,-1.2552273470276,0.118162508383162,0.120446319385439,-1.9059166079142,0.161192496427425,-0.0757840255202524,0.73924492909039,0.245454191252332,-4.91026217281761,0.268218185570761,-3.71933441472794
-2.85787552089317,-1.01120344755785,1.01249999621502,0.0337716098301673,-0.21294458756989,0.00328351163543849,1.74794301446972,0.147426365091496,-0.0760349824521028,-0.222645634607644,-0.394713956454826,1.61023020688518,-2.21427801139821,-0.203322380750395,-0.610580007222129,-2.4356224947284,-0.431491587246258,-0.243761109777718,-0.72172872307069,-0.0560088779984314,-0.289418830697596,-0.0320844124693054,0.274858289217647,-1.58271072171478,0.141683097314584,-1.72823719346712
1.6305294215339,1.15723320873669,-7.33840840200091,-0.300591654987057,-1.03305014327383,-0.0216234499880593,1.37486915379683,0.130781537397139,-0.0788492625511858,0.810644637447284,1.38620701783892,-8.72798510132791,0.858442351416913,1.18987666694144,0.33529032639013,2.93950422026722,1.53672644302302,0.748221671072569,2.92680543960331,0.263556718663688,0.429587303265359,-0.428005914182881,0.367376387769705,8.75390315936528,0.178128094074684,7.25606378739057
0.29549926439786,-0.087995978222825,-2.93400437539212,-0.889767125536894,-1.1098620305287,-0.023346806984858,-0.825985542405131,0.378901209615078,0.042118281553302,-0.419969551464404,0.609286363152624,-4.36578828480431,0.116877624569123,0.0513741557616858,-0.255493430945819,0.603865810208853,0.681387439299479,-0.0291063332209233,1.66957465852349,-0.203127383021988,0.109182490909241,-0.54475019364674,0.441348315323926,4.36223023825568,0.405190445195205,2.92287785071353
-0.145405595907721,-0.03771419010469,-1.78288498885104,-0.183397077814787,-1.01194613489916,-0.0185493971833399,-1.45314508888649,0.252859667207525,-0.0676336144622049,-0.0093616222669516,0.694282703661964,-5.64948042035684,-3.21079924755361,-0.172682596444691,-1.11103309010139,1.20299871669073,0.424159305469035,-0.410617187010567,1.95221417643951,0.0380141592112532,-0.228897961951837,-0.245528874651101,0.515500538163882,5.23310638060938,0.280854040689659,3.85680342239434
3.06180005825466,0.927867652603418,-0.125358544758755,0.85725438284436,-0.861804553975804,-0.00935514067024419,0.566290393762755,0.294154256880634,-0.320702722428938,-0.131358721066529,0.809734301725935,-1.61159662992645,-1.64111016401048,0.918641709643715,0.477552771567175,2.1641407521521,0.387907010166865,-0.135475678253415,0.354109761483889,-0.159406076685627,-0.0365469710628709,0.411490104248949,0.437714849662193,2.07503100046941,0.300798251513052,1.71493314237115
-1.3220756691108,0.068444957294991,-1.51816942263881,-1.27867200290369,-0.756034933847572,-0.00552713805568741,0.56373380967038,0.318068887598756,-0.0714132013937077,0.0852408102976976,0.403691513143809,-2.54348479951974,-0.155834780555667,0.463126686226382,-0.11088476009918,0.261180391146935,0.365427634366142,-0.435071859943122,0.50575487360935,-0.576267592656986,-0.0501845676168105,-0.268260465287945,0.464312339285229,2.47248177427909,0.331616737367356,1.77988631160154
-2.06073792119049,-0.740584970005523,-3.00142672710083,0.193975269047658,-0.857338397791075,-0.0300400197413215,-1.59585423514086,-0.0671565559118017,0.0264179640800848,0.213079859395907,0.068747411727203,-5.58948204345615,0.289823611201905,-0.131327208345277,-1.00898880312868,-0.00469316561241511,-0.603498259739745,0.149535466373969,1.89729647659224,1.00060112388232,-0.103669204557837,-0.898369110595028,0.314926023593356,4.93313512082356,-0.0285586432145712,3.72369267583687
-3.72948485668237,-0.370755355907302,-1.1843448234253,0.201724123464328,0.20645674102589,-0.0190657349001834,-0.817509074923279,0.367176767689439,0.000125248585943633,1.24517085560878,0.189533354327329,-0.633898059661685,-0.436496862799119,-0.303517432009538,-1.03917619671331,-0.251011062878852,-0.786310093592218,-0.901903791711599,0.26456861078987,-1.41402503969965,-0.0948248428817041,-0.399207639818434,0.0861243277723445,1.31549283361431,0.368837919177612,0.626262156974501
1.38856857491185,-0.119827647510319,-1.89414462537416,0.172286154420972,-0.87148352040694,-0.0129603657616148,-0.292205442739747,0.0441742621496799,-0.0982551177304397,-0.032591028344966,0.339228939842697,-3.82250581494958,-0.996181922825902,-0.334026189193862,1.57747167006192,0.416400791799905,-0.0165895335390319,0.112232377855331,1.27275965243488,1.09307027457841,0.0238333389245247,-0.37318701467435,-0.217171685073617,3.89767517667158,0.0645027114877685,3.0702589106726
3.11708436826225,0.688393555001551,0.688734077528377,0.168101831546632,0.800738250080283,0.0100389002756288,-1.34797236770062,0.135467355002149,-0.0335074349257508,-0.522720346883033,0.103586158216649,2.77364854539674,0.945625863262284,0.636229901865752,-1.02314818292127,1.05709825413025,0.487917678796609,0.915432648598684,-0.771483139165181,1.97167296230207,0.399993564864497,0.412946191207056,-0.249667098795009,-2.09695248340251,0.118307181685144,-0.871070633418614
-4.58027166034873,-1.80466680092432,1.60083284324681,0.295778745781294,-0.088625161006522,-0.000522722490207737,0.0385122543749728,-0.0196107518788243,-0.0186848782433008,-1.00874283079955,-0.727737524593537,1.57006241245683,-1.47291665282773,-0.789195175880659,1.07494983999958,-4.22018010031749,-0.893577637572978,-1.17555820359398,-0.514500027712263,1.1084688831587,-0.710407589574077,-0.933499874126307,0.202227426679886,-1.45955519134752,-0.0228473914569145,-2.73891526630885
-1.14833124189225,-0.168649957205621,4.23485165146353,-0.478513490827946,0.704283123309354,0.0275500393597861,0.00730384540078472,-0.470741038888454,-0.0531676367098146,-0.646334051627191,-1.39004753619041,7.94698619339371,-0.363316870896069,-0.253710728287456,-0.821317794191645,-2.2097438497158,-1.2471700782155,-0.550519924259532,-2.72011764050858,0.672362733284315,-0.172775794291513,0.488311271617883,-0.193668222558706,-8.30961283434902,-0.514699565994863,-5.6881821569662
-0.228030042927973,0.00454574967560469,1.55261681594128,-0.0911096260513094,0.868007652155707,0.0264443046058678,-1.32857228590023,-0.0296411086466191,-0.000184557282560552,-0.185869696477117,-0.484977647377843,3.21002997336584,1.31143650390411,-0.232609478598874,-0.234122193112755,-0.562776153737212,-0.74395437692666,0.329160385314757,-0.95458050187678,0.96370218982482,-0.0851933732159517,0.339819953273974,-0.253990075157982,-3.40286127758266,-0.0485825746625012,-2.25385295568278
-3.99505210851041,-1.74843950016068,-2.47392047903457,0.0595158105971646,-0.731726227940084,-0.0253323773104105,-1.97373121584401,0.0674752071617647,-0.0337465466041736,-0.165166034416583,-0.162686972703284,-4.32036634309469,-0.608470464778633,-0.979579980857388,-2.75348951817963,-1.27327330950882,0.0823146634019048,-0.288661263446157,1.51880581466932,0.606073416837644,-0.600344290538717,-1.28539688911367,0.202764592328547,2.48755605991062,0.0956020814804197,0.665503477827939
-6.10178702244443,-2.87092204276131,-9.11993777829511,0.294746628835827,-2.88098411870707,-0.073768962826513,-0.323414621667803,0.0113230456296049,-0.0179587342934603,-0.942029938661828,0.692044041062184,-16.3511599359523,-2.99685428838189,-1.76541902681936,-0.279900908571005,-1.70194535984837,0.775680943666369,-1.46005922896697,5.51476341254375,0.685165132778871,-0.989915873243097,-2.83108360871216,0.295170119208573,13.8336516573764,0.105672106813118,8.9458873496591
1.68307594117911,1.3414315110414,0.851425985032103,0.15213966043795,1.22765147140684,0.0492465560977849,0.271560115686166,0.228299194006584,-0.0806185249315679,0.751492690735458,0.177752892066554,4.42602279114362,0.998682511533378,0.413790573245316,-0.620829492601801,0.873383227315015,0.437393458708008,0.499576426218308,-1.53151848173637,-0.206780737776023,0.420281368193238,1.10730356993171,0.3115887167307,-3.53713310540632,0.203198057587704,-1.1233961319439
1.9349996200696,0.461340874280319,-6.05243923910289,0.24684439820275,-1.94955222178287,-0.0395249006308283,-1.52652605224309,0.211359261389285,0.0632074177741858,0.440216850988333,1.40495642654116,-11.3535823049199,1.16479976417166,0.292838513661961,0.471710084225674,4.51348986400707,1.16513030932063,0.302926019466488,3.81793074985981,-0.0331964905748673,0.107315579280887,-0.763185034236911,-0.302781866369052,11.723926047798,0.278626437623659,7.87727635652235
0.525451595300176,0.99479199404134,1.06323840366316,-0.0904891791755314,0.726107420432477,0.00336472102828643,0.376901346954819,-0.0659818595576434,0.0674172145516189,-0.183206751054605,-0.0422686829752015,2.2591750595769,0.984183792815996,0.81816156955574,0.204939386229472,1.145421172245,0.346759799611009,0.351305347408665,-0.736848337337804,-0.00527213873217273,0.175881093143337,1.01706348824768,0.00277766253107427,-1.8405985906504,-0.0805946018218176,-0.955920373641409
1.93621745887512,1.06456376128308,2.88356690969842,0.267853312782076,0.741352250301236,0.00740863542201268,0.543853766022381,0.184215343091976,-0.00806019606208739,-0.180106518999604,-0.0929955983809821,4.89371632595812,1.4048775397508,0.4376243665998,0.576518369286363,0.845611253279321,0.615899242428957,-0.0108684819249664,-1.57891238071168,0.912283218787308,0.280891383608124,0.882064667254565,-0.0827672867937681,-3.62584003423329,0.155160100692064,-1.79327462277443
0.132241353344149,0.632091401293454,3.1428663847128,-0.0702225027599347,0.462176195149039,0.0137077010378826,0.486553606105184,0.0736749174470779,0.0145329722954314,-0.191778784245174,-0.150326767758548,2.48472842274315,1.53015565308496,0.373003301962434,0.40748726295978,-0.594527507800243,0.429662382081351,-0.254498689949898,-0.846320192057234,-1.03610429322203,0.130466319965778,0.511671482661401,0.241431213079223,-2.38437883929579,0.0606372667889592,-1.44049374751364
-2.43911079433497,-0.938476025995732,3.1014675625277,0.58381652698725,0.29396227791333,0.00318998736947042,-0.125363382971944,-0.0319722407273339,0.0061829530336823,0.0377815658915381,-0.573342779603927,2.0230561294438,-0.348825316985442,-0.735784239201605,-0.649912757156176,-2.23566868051834,-0.584067018863775,1.10242455232015,-0.13897899442074,-1.75119475469193,-0.277763363663795,-0.535716999253652,0.022592753615048,-2.1690298450693,-0.0389124520532653,-2.35544614663739
-1.10460447915717,-0.417480636756184,2.27444367763633,0.86565516715408,0.4679646185281,0.0397641119958624,-0.161971099905759,0.608321462772587,0.0488475138559919,-0.566806066714229,-0.0824349795566561,5.10084454128282,-0.420828838992729,0.61988816560775,-0.343084404728971,-2.77673988537477,-0.274870088970622,0.0453570707944258,-1.60948011403175,1.53481554917207,-0.341187971233994,0.23868376200843,0.650531769604348,-3.97661220592104,0.578206524918394,-3.52190512564528
-0.421057046022929,0.228514117208128,5.10988959118152,-0.466548056013398,1.70365925430041,0.0392713170439249,-0.109874198090902,-0.440659927861004,-0.0843106461880688,0.781014255280723,-1.118696011655,8.0909718271571,-1.37041763964499,-0.184502544167179,-0.767293135864238,-1.58923707713756,-1.08571373164289,0.68696586199064,-2.88032626553517,0.122212516423287,0.177632240894115,0.795011781076068,-0.901410116544152,-7.94420675943465,-0.494014587705702,-5.50445534704831
0.804348816416268,0.00205847971008723,0.824386418240254,-1.16336562443932,0.187367394100338,0.0237010179712436,-0.344665655126701,-0.303642417397681,0.00617199243411827,0.68114688219618,-0.153194219801211,0.470672747480392,0.820312960181387,-0.352121062569616,-1.00209416907703,1.02256549792635,-0.0854969295489666,0.312927349817561,-0.362503921283328,0.779609052274116,-0.102648869746924,-0.0387030693909518,-0.300856727205315,0.615021842745117,-0.2797444544146,-0.0724184472370764
0.971570557944567,0.697179190726831,1.49291443812565,0.213547344878937,0.578450191081935,0.00828143681760209,0.15697958971126,0.170580578413898,-0.0201634371092244,0.130951468658066,0.156206439663773,2.74798579795293,-1.17576754555849,0.397227918985469,0.676457100495887,0.543171524419881,0.28025023265765,-0.172340651068424,-1.21324019279769,1.37428697981482,0.495768240647426,0.728109118027473,0.111134964973903,-2.3739688655536,0.167016786235299,-1.08173375722009
-0.826108170259588,-1.00977121429827,3.81003719810133,-0.303015147860397,1.17405848787912,0.0425393439772377,-0.574170651981661,-0.52155045099458,-0.0262477915763483,0.0463067413135882,-1.37169297970178,5.9418073621107,-0.652846749927002,-0.564565317384335,0.606946438766284,-2.36058927371804,-1.8510706296272,0.664831361376091,-2.2875516801966,0.34730040488812,-0.244783310145596,-0.269895512494674,-0.366306614974462,-6.722207329557,-0.559665971133847,-5.37425353830791
0.714551260170332,0.524275803548276,-0.213247966548003,0.300927151963236,0.00264023139528995,-0.0196785881896133,0.131265835888242,0.643005947020733,-0.0494087190468787,-0.517751734361148,0.711985193016246,-0.0309171946789491,-0.0608875871812266,0.623803707105234,-1.08949463510088,0.997549260203178,0.308016275397418,0.487868824008294,0.396498244064965,2.20566431481789,0.0618947237978627,0.280392225263797,0.622733093707156,0.321638352920493,0.643683297187686,0.758030668191813
0.278018626184541,-0.230248949118955,11.2296616721712,0.026424396382413,3.32737003205142,0.0542736046045082,0.501230454122893,-0.273811904616805,-0.0616621270586242,0.299486615674257,-1.93867676821992,17.9385542479448,-0.409216898188065,-0.0921391930811882,1.74248346426676,-3.75091620583417,-2.03544315993527,0.217686272442035,-5.57426169978603,0.19606428287394,-0.0548796425650333,1.07082980271684,-0.100154714793258,-16.0721694991616,-0.373856425302435,-12.1137504926577
0.439194440136604,0.50718857998964,-1.63909490248504,0.230961741729447,-0.37856887652961,-0.0632340075701696,0.187288163011223,0.170608177389458,0.0351820471940616,0.581393656847298,0.994534515259915,-3.53064496503215,-0.0790144518910887,0.313899735275465,1.7964402441602,2.96647658750308,0.478768787529797,-0.651186696800601,1.16308075300424,-0.381428242394231,0.110157501651885,-0.247710189848431,0.211157667364617,2.44710484566262,0.184445453403785,3.00763483195023
0.0476312334420108,0.130600610700796,1.10411282474385,0.458118288462318,0.792968957760628,-0.00194946075900719,0.215331745249544,0.201383919394047,-0.0278627149646125,-0.192726113867523,-0.586487255288716,3.09694160584656,-0.607146043288242,0.271647940983479,-0.623596434780093,-1.54072091131334,0.00275092422009478,0.619938529191942,-1.42453331642109,-1.54154856981276,-0.0116622347943338,0.237308843516752,0.213849029352196,-3.08622388272009,0.189882114261729,-1.97304752649132
0.73853971603886,0.295142131146658,-0.254845389445382,-0.149194873254972,-0.466222381126795,0.00899045669425672,0.136903068846885,-0.293716710703745,-0.0730869330315473,-0.256125953880129,-0.0537495484799129,-1.00049633863338,1.41054868526439,0.109958893776974,1.77647621707079,1.81163944997476,0.0255207951282758,0.367994504830519,1.42623023394759,-0.161949077989401,0.440461418070823,0.0806326413365184,-0.293810744040714,1.37330420002402,-0.303196630943124,1.31962365133068
-0.232852202088572,-0.0369775366070529,1.77951605215438,0.391904255019893,1.20374005574724,0.0117203571986554,0.0674701633875845,0.306803051761163,0.145061434532955,0.751910694753014,-0.408141037081137,6.15427275435439,0.771783837562466,0.0982086959409165,1.36529186522678,-2.24640932130112,-0.0712657749293882,0.403069427758736,-2.45218294129954,0.955347788759962,0.0117218733887243,0.707507128176312,0.27342483910714,-5.03549475398934,0.279096267330471,-3.6696535426474
0.188174061985502,0.30855298410806,-1.57411727952211,1.23224479432389,0.436459776026526,0.0193326449524534,0.108308825896828,0.430888521860805,-0.214972003279109,-1.51928827547947,0.126762495714728,2.12322794927526,-0.32064300347819,0.455463683201903,0.0269532461937842,-0.258963160518646,0.171638999637336,-0.035408340132934,-0.482802933362095,0.898851060002057,0.159224916895613,0.368103166810317,0.40786712279367,-1.21301815125384,0.380997837960486,-0.807088091231038
